1014
801 399 399
793 399 395
628 399 392
456 399 391
443 399 388
519 399 385
211 399 383
355 399 381
48 399 377
309 399 375
474 399 373
695 399 371
603 399 367
325 399 364
82 399 360
244 399 356
696 399 355
93 399 353
129 399 352
194 399 349
928 399 346
195 399 340
345 399 339
299 399 335
6 399 332
1004 399 328
758 399 322
139 399 316
19 399 312
735 399 306
754 399 301
413 399 300
60 399 297
876 399 294
712 399 291
872 399 286
658 399 280
777 399 278
136 399 275
949 399 274
283 399 272
41 399 270
331 399 268
304 399 263
678 399 257
829 399 254
143 399 249
441 399 244
23 399 240
535 399 234
412 399 233
138 399 230
813 399 224
383 399 220
890 399 218
357 399 214
50 399 211
470 399 206
268 399 204
810 399 199
973 399 198
689 399 192
431 399 190
368 399 184
704 399 181
941 399 179
505 399 177
354 399 174
978 399 168
789 399 166
77 399 161
765 399 155
58 399 153
969 399 149
408 399 147
596 399 141
909 399 136
853 399 131
933 399 130
365 399 129
451 399 126
191 399 121
688 399 115
791 399 112
471 399 108
487 399 105
4 399 102
290 399 97
422 399 93
848 399 90
125 399 86
572 399 84
1006 399 79
864 399 78
666 399 72
561 399 66
447 399 65
342 399 60
726 399 58
350 399 55
433 399 51
310 399 50
616 399 47
573 399 43
592 399 39
380 399 35
674 399 31
792 399 29
47 399 27
271 399 23
400 399 19
241 399 13
629 399 10
439 399 7
391 399 4
869 397 385
220 397 377
630 397 375
192 397 356
326 397 275
752 397 181
302 397 180
954 397 31
159 396 395
694 396 391
955 396 389
867 396 301
528 396 297
189 396 280
164 396 184
539 396 131
896 396 108
429 396 60
514 396 51
86 396 13
295 395 399
716 395 383
13 395 380
593 395 371
501 395 370
381 395 367
799 395 366
669 395 363
90 395 362
475 395 340
69 395 334
868 395 224
379 395 218
432 395 216
320 395 155
926 395 115
680 395 112
632 395 97
834 395 93
486 395 58
284 395 53
339 395 49
71 395 43
79 395 41
917 395 35
807 395 28
445 395 27
846 394 306
529 394 280
12 394 271
26 394 257
40 394 254
362 394 248
344 394 213
130 394 210
818 394 207
668 394 181
667 394 168
717 394 141
513 394 138
975 394 127
708 394 106
131 394 101
24 394 88
382 394 85
182 394 84
64 394 66
52 393 377
947 393 375
335 393 373
168 393 351
843 393 349
204 393 348
548 393 334
556 393 331
607 393 328
652 393 322
94 393 316
871 393 314
208 393 291
859 393 289
698 393 287
229 393 276
873 393 268
907 393 263
578 393 244
774 393 240
649 393 237
929 393 232
741 393 201
983 393 195
46 393 191
181 393 189
266 393 176
230 393 173
480 393 172
772 393 164
536 393 163
559 393 160
322 393 158
661 393 152
957 393 150
1002 393 144
488 393 124
497 393 118
692 393 78
923 393 72
924 393 21
714 393 20
602 393 18
469 393 8
18 393 6
557 393 4
428 392 395
305 392 383
707 392 380
491 392 371
809 392 357
410 392 354
805 392 218
449 392 144
257 392 132
581 392 131
738 392 35
699 392 18
190 391 352
739 391 72
2 391 13
455 390 389
584 390 388
546 390 366
764 390 363
886 390 334
8 390 301
910 390 299
463 390 294
898 390 248
11 390 166
1010 390 144
583 390 96
744 390 90
446 390 72
888 390 60
296 390 56
38 389 359
223 389 356
806 389 349
360 389 348
406 389 345
83 389 342
301 389 339
838 389 337
877 389 316
329 389 314
81 389 309
358 389 304
986 389 263
811 389 243
171 389 242
158 389 232
453 389 229
857 389 195
625 389 184
209 389 181
370 389 179
914 389 144
317 389 118
710 389 116
748 389 115
278 389 112
328 389 110
397 389 109
671 389 105
563 389 54
462 389 52
897 389 48
146 389 46
121 389 44
534 389 41
399 389 30
967 389 26
882 389 24
91 389 23
974 388 351
921 388 304
387 388 294
66 388 270
976 388 269
769 388 257
817 388 239
800 388 237
148 388 212
802 388 207
552 388 189
842 388 188
524 388 160
512 388 157
127 388 139
784 388 136
981 388 132
54 388 84
273 388 69
7 388 66
757 388 56
936 388 7
697 388 4
847 388 3
92 387 374
245 387 373
141 387 367
821 387 332
308 387 330
318 387 328
530 387 322
402 387 319
785 387 304
101 387 289
95 387 288
722 387 285
911 387 282
53 387 277
831 387 205
701 387 202
120 387 176
731 387 174
564 387 172
851 387 155
972 387 151
375 387 129
679 387 127
349 387 126
874 387 124
750 387 118
647 387 80
858 387 77
425 387 73
285 387 56
711 387 48
903 387 35
252 387 19
411 386 399
644 386 397
582 386 396
75 386 394
415 386 382
255 386 379
1008 386 367
70 386 366
608 386 363
1005 386 361
258 386 351
753 386 348
132 386 347
237 386 346
458 386 243
303 386 223
540 386 217
825 386 183
854 386 180
944 386 62
376 386 19
478 385 301
622 385 252
721 385 250
351 385 246
343 385 160
822 385 132
307 385 112
542 385 108
790 385 102
126 385 52
579 385 32
621 385 26
918 385 25
63 385 22
527 385 17
356 385 16
966 385 14
998 385 12
207 385 7
588 384 399
293 384 390
249 384 389
175 384 379
676 384 363
173 384 358
849 384 341
751 384 339
916 384 314
508 384 313
298 384 307
336 384 289
468 384 287
369 384 207
835 384 205
724 384 203
390 384 168
363 384 166
483 384 146
374 384 145
878 384 140
720 384 138
461 384 136
165 384 97
650 384 95
300 384 91
103 384 85
106 384 83
347 384 68
706 384 67
520 384 19
359 384 7
946 384 1
544 383 353
442 383 297
291 383 296
150 383 295
795 383 272
464 383 270
17 383 267
1013 383 262
218 383 256
657 383 246
747 383 244
319 383 238
161 383 233
21 383 217
895 383 213
771 383 211
479 383 209
715 383 199
925 383 193
373 383 189
550 383 174
953 383 171
740 383 68
28 383 57
541 383 48
935 383 46
198 383 43
515 383 41
840 382 399
994 382 397
25 382 322
963 382 319
334 382 282
905 382 281
938 382 277
421 382 274
5 382 154
155 382 140
623 382 77
845 381 373
424 381 369
465 381 350
324 381 348
435 381 253
824 381 250
570 381 119
690 381 115
893 381 63
939 381 1
197 381 0
725 380 353
990 380 256
215 380 250
682 380 222
332 380 221
855 380 184
44 380 102
700 380 101
196 380 13
264 379 365
430 379 364
183 379 361
775 379 360
274 379 358
850 379 357
619 379 298
492 379 218
733 379 217
254 379 216
409 379 115
1011 379 109
214 379 107
549 378 399
3 378 397
122 378 392
932 378 391
631 378 385
597 378 381
472 378 283
145 378 279
1009 378 277
996 378 274
248 378 273
883 378 268
589 378 213
33 378 209
482 378 208
836 378 193
427 378 192
670 378 96
262 378 92
585 378 91
156 378 90
414 378 84
532 377 376
875 377 268
467 377 222
985 377 220
642 377 219
200 377 202
899 376 220
420 376 109
545 375 376
137 375 279
574 375 278
518 375 105
59 375 102
102 374 283
734 374 216
96 374 187
419 374 184
687 374 96
681 374 84
987 373 399
879 373 398
166 373 397
134 373 385
922 373 381
270 373 380
755 373 379
68 373 273
416 373 196
1007 373 191
576 373 119
595 373 115
533 373 113
627 372 391
523 372 389
727 372 271
852 372 268
281 372 233
591 372 232
444 372 226
537 372 220
705 372 213
553 372 184
942 372 108
22 372 96
162 372 95
30 372 91
803 372 90
246 372 87
394 371 389
118 371 207
109 371 201
598 371 187
902 371 85
149 370 391
315 370 390
880 370 278
116 370 275
34 370 181
767 370 179
476 370 178
234 370 172
16 370 171
348 370 165
565 370 108
773 369 384
558 369 283
940 369 119
154 369 118
250 369 108
919 369 102
506 369 91
862 369 89
516 368 380
931 368 378
157 368 375
1012 368 196
703 368 96
232 368 94
968 368 84
313 367 399
691 367 398
151 367 280
912 367 277
730 367 276
185 366 283
920 366 273
798 366 270
338 366 267
551 366 233
580 366 232
438 366 226
531 366 221
395 366 218
502 366 216
828 366 201
163 365 384
457 365 381
436 365 211
759 365 208
999 365 207
115 365 191
904 365 189
108 365 188
485 365 187
117 365 165
228 365 162
648 364 392
178 364 298
39 364 293
316 364 289
396 364 278
213 364 277
489 364 276
656 364 183
948 364 177
9 364 173
891 364 171
1003 364 168
51 364 119
404 364 115
29 363 272
600 363 263
844 363 258
128 363 256
685 363 251
970 363 245
820 363 242
768 363 221
226 363 196
677 363 195
1000 363 192
640 363 191
562 363 111
259 363 107
815 363 103
952 363 102
78 363 101
737 363 97
778 363 94
172 363 93
289 363 92
937 362 386
384 362 376
261 362 162
992 362 87
781 362 86
839 362 84
885 362 83
870 362 43
216 362 39
418 362 36
814 361 399
481 361 374
770 361 372
174 361 371
473 361 367
991 361 362
620 361 359
729 361 353
510 361 349
110 361 345
865 361 342
606 361 339
205 361 334
571 361 331
247 361 330
321 361 329
945 361 327
160 361 326
385 361 320
826 361 319
927 361 313
613 361 310
74 361 308
684 361 304
611 361 284
45 361 226
80 361 216
686 361 213
388 361 202
251 361 199
962 361 158
169 361 154
87 361 151
392 361 145
594 361 140
641 361 137
908 361 134
386 361 132
894 361 131
749 361 130
113 361 126
554 361 123
99 361 77
72 361 72
36 361 68
762 361 62
982 361 56
995 361 53
989 361 48
170 361 47
683 361 30
279 361 29
517 361 27
280 361 21
609 361 16
459 361 14
522 361 9
709 361 5
184 360 386
760 360 385
856 360 382
0 360 381
663 360 377
124 360 279
366 360 236
265 360 235
352 360 230
67 360 209
224 360 208
231 360 207
297 360 195
610 360 177
340 360 174
702 360 119
495 360 115
718 360 97
881 359 304
206 359 298
951 359 295
626 359 292
466 359 226
210 359 190
494 359 174
454 359 134
236 359 113
743 359 110
221 359 107
913 358 395
256 358 392
107 358 345
634 358 334
615 358 313
509 358 266
713 358 265
569 358 261
225 358 259
605 358 258
645 358 223
477 358 217
538 358 184
958 358 183
240 358 174
73 358 171
841 358 168
732 358 167
10 358 166
286 358 140
525 358 91
364 358 90
1001 358 43
55 357 399
144 357 387
590 357 386
673 357 377
984 357 372
672 357 353
587 357 350
98 357 349
267 357 275
105 357 270
104 357 252
153 357 249
62 357 247
819 357 246
378 357 241
934 357 201
212 357 178
49 357 161
235 357 128
889 357 126
217 357 48
901 357 47
393 356 384
1 356 382
88 356 366
37 356 341
372 356 340
728 356 298
437 356 287
277 356 282
490 356 230
193 356 145
965 356 121
979 356 120
971 356 115
639 356 114
243 356 84
341 356 79
20 356 56
961 356 52
180 356 51
403 356 39
560 356 36
577 356 21
114 356 20
823 356 14
100 356 11
787 355 399
756 355 387
97 355 364
693 355 358
423 355 329
333 355 327
371 355 326
887 355 322
547 355 318
780 355 241
179 355 235
654 355 196
643 355 175
199 355 172
604 355 155
659 355 150
746 355 73
498 355 67
915 355 62
719 355 60
448 355 52
203 355 30
675 355 7
832 355 4
993 355 2
112 354 383
504 354 343
637 354 298
89 354 295
337 354 292
892 354 266
575 354 252
119 354 212
997 354 206
964 354 178
660 354 141
76 354 101
405 354 100
346 354 99
167 354 43
830 353 396
272 353 395
782 353 391
665 353 338
988 353 336
239 353 335
152 353 330
507 353 315
812 353 314
123 353 312
796 353 308
493 353 305
426 353 302
779 353 191
32 353 186
651 353 184
827 353 178
188 353 172
816 353 169
555 353 136
499 353 134
884 353 115
543 353 109
222 352 399
260 352 391
662 352 380
263 352 378
276 352 318
511 352 292
452 352 277
330 352 274
863 352 272
417 352 261
736 352 259
85 352 256
950 352 254
42 352 253
960 352 252
638 352 225
766 352 221
434 352 206
407 352 203
599 352 202
147 352 175
61 352 146
111 352 130
980 352 128
401 352 126
253 352 94
201 352 91
633 352 14
612 352 10
282 352 9
788 352 7
135 352 5
956 352 4
783 351 385
566 351 372
176 351 353
786 351 349
288 351 348
311 351 326
745 351 325
794 351 323
521 351 298
327 351 288
808 351 283
238 351 282
287 351 281
242 351 235
65 351 229
943 351 164
617 351 162
567 351 150
314 351 122
377 351 87
601 351 62
655 350 358
833 350 308
219 350 197
186 350 196
635 350 157
804 350 130
312 350 83
500 350 82
306 350 67
776 350 46
15 350 45
294 350 40
653 350 37
460 350 24
292 350 20
646 350 10
526 350 9
233 349 399
177 349 366
353 349 363
31 349 362
484 349 342
503 349 330
140 349 314
761 349 305
269 349 304
837 349 278
496 349 268
27 349 267
861 349 262
398 349 261
723 349 246
389 349 244
742 349 241
227 349 144
56 349 142
84 349 136
906 349 103
586 349 98
930 349 95
624 349 78
797 349 57
440 349 52
664 349 35
866 349 30
142 348 338
14 348 336
450 348 333
133 348 332
900 348 283
361 348 274
187 348 273
568 348 229
860 348 227
275 348 215
959 348 212
636 348 209
57 348 207
43 348 192
202 348 190
367 348 178
323 348 177
977 348 172
763 348 17
618 347 354
35 260 399
614 260 326
